August Snowfall
PLUM
2210
196

EASY
1,0,0,0,0,0,0,0,0,0,0,1
1,0,0,0,0,0,0,0,0,0,0,1
1,0,0,0,0,0,0,0,0,0,0,1
1,0,0,0,0,0,0,0,0,0,0,1
0,0,0,0,0,0,0,0,0,0,0,0

NORMAL
0,0,0,0,0,0,0,0,0,0,0,1
0,0,0,0,0,0,0,0,0,0,0,1
0,0,0,0,0,0,0,0,0,0,0,1
0,0,0,0,0,0,0,0,0,0,0,1
0,0,0,0,0,0,0,0,0,0,0,0

HARD
0,0,0,0,0,0,0,0,0,0,0,1
0,0,0,0,0,0,0,0,0,0,0,1
0,0,1,0,0,0,0,0,0,0,0,4
0,0,0,0,0,0,0,0,0,0,0,8
1,0,0,0,0,0,0,0,0,0,0,4
0,1,0,0,0,0,0,0,0,0,0,4
0,0,1,0,0,0,0,0,0,0,0,4
1,0,0,0,0,0,0,0,0,0,0,4
0,1,0,0,0,0,0,0,0,0,0,4
0,0,1,0,0,0,0,0,0,0,0,4
0,1,0,0,0,0,0,0,0,0,0,8
0,0,1,0,0,0,0,0,0,0,0,8
0,0,0,0,0,0,0,0,0,0,0,4
0,0,0,0,0,1,0,0,0,0,0,4
0,0,0,1,0,0,0,0,0,0,0,4
0,0,0,0,1,0,0,0,0,0,0,4
0,0,0,0,0,1,0,0,0,0,0,4
0,0,0,0,1,0,0,0,0,0,0,4
0,0,0,1,0,0,0,0,0,0,0,4
0,0,0,0,1,0,0,0,0,0,0,8
0,0,0,0,0,0,0,1,1,0,0,4
0,0,0,1,0,0,0,0,0,0,0,8
0,0,0,0,1,0,0,0,0,0,0,4
1,0,0,0,0,0,0,0,0,0,0,8
0,1,0,0,0,0,0,0,0,0,0,8
0,0,1,0,0,0,0,0,0,0,0,4
0,0,0,1,0,0,0,0,0,0,0,8
0,0,0,0,1,0,0,0,0,0,0,8
0,0,0,0,0,1,0,0,0,0,0,8
0,0,0,0,0,0,0,0,1,0,0,8
0,0,0,0,0,0,0,1,0,0,0,8
0,0,0,0,0,0,1,0,0,0,0,8
0,0,0,1,0,0,0,0,0,0,0,8
1,1,1,0,0,0,0,0,0,0,0,4
0,0,0,0,0,1,0,0,0,0,0,8
0,0,0,0,0,0,1,1,1,0,0,4
0,0,0,1,0,0,0,0,0,0,0,8
0,0,0,0,1,0,0,0,0,0,0,8
0,0,0,0,0,1,0,0,0,0,0,8
1,0,0,0,0,0,0,0,0,0,0,16
0,1,0,0,0,0,0,0,0,0,0,16
0,0,1,0,0,0,0,0,0,0,0,16
0,0,0,0,0,0,1,0,0,0,0,16
0,0,0,0,1,1,0,0,0,0,0,8
0,0,0,0,0,0,0,1,1,0,0,8
0,0,0,0,0,0,1,0,0,0,0,8
0,0,0,1,0,0,0,0,0,0,0,8
1,0,0,0,0,0,0,0,0,0,0,8
0,1,0,0,0,0,0,0,0,0,0,8
0,0,0,0,0,0,0,1,0,0,0,16
0,0,0,0,0,0,1,0,0,0,0,16
0,0,0,1,0,0,0,0,0,0,0,16
1,0,0,0,0,0,0,0,0,0,0,16
0,1,0,0,0,0,0,0,0,0,0,8
0,0,0,0,0,0,0,1,0,0,0,16
0,0,0,0,0,0,0,0,1,0,0,16
0,0,0,0,0,1,0,0,0,0,0,16
0,0,1,0,0,0,0,0,0,0,0,16
0,1,0,0,0,0,0,0,0,0,0,8
0,0,0,0,0,0,0,1,0,0,0,16
0,0,0,0,1,0,0,0,0,0,0,16
0,1,0,0,0,0,0,0,0,0,0,16
1,0,1,0,0,0,0,0,0,0,0,16
0,0,0,1,0,1,0,0,0,0,0,8
0,0,0,0,0,0,0,0,1,0,0,16
0,0,0,0,0,0,0,1,0,0,0,16
0,0,0,0,0,0,1,0,0,0,0,16
0,0,0,1,0,0,0,0,0,0,0,16
1,0,0,0,0,0,0,0,0,0,0,16
0,1,0,0,0,0,0,0,0,0,0,16
0,0,1,0,0,0,0,0,0,0,0,16
0,0,0,0,0,1,0,0,0,0,0,16
0,0,0,0,0,0,0,0,1,0,0,16
0,0,0,0,0,0,0,1,0,0,0,16
0,0,0,0,0,0,1,0,0,0,0,16
0,0,0,1,0,0,0,0,0,0,0,16
0,0,0,0,1,0,0,0,0,0,0,16
0,0,0,0,0,1,0,0,0,0,0,16
1,0,1,0,0,0,0,0,0,0,0,4
0,0,0,0,0,0,1,0,1,0,0,8
0,0,0,1,0,1,0,0,0,0,0,4
0,0,0,1,0,0,1,0,0,0,0,8
0,0,0,0,1,0,0,1,0,0,0,8
0,0,0,0,0,1,0,0,1,0,0,4
0,0,0,0,0,0,0,0,1,0,0,16
0,0,0,0,0,0,0,1,0,0,0,16
0,0,0,0,0,0,1,0,0,0,0,8
0,0,0,1,1,1,0,0,0,0,0,8
1,0,0,0,0,0,0,0,0,0,0,16
0,1,0,0,0,0,0,0,0,0,0,16
0,0,1,0,0,0,0,0,0,0,0,8
0,0,0,0,0,0,0,0,1,0,0,16
0,0,0,0,0,0,0,1,0,0,0,16
0,0,0,0,0,0,1,0,0,0,0,8
1,1,0,0,0,0,0,0,0,0,0,4
0,0,0,0,0,1,0,0,0,0,0,8
0,0,0,0,1,0,0,0,0,0,0,4
0,0,0,0,0,0,0,0,1,0,0,8
0,0,0,0,0,0,0,1,0,0,0,8
0,0,0,0,0,0,1,0,0,0,0,4
0,0,0,0,0,1,0,0,0,0,0,8
0,0,0,0,1,0,0,0,0,0,0,8
0,0,0,1,0,0,0,0,0,0,0,8
1,0,0,0,0,0,0,0,0,0,0,8
0,1,0,0,0,0,0,0,0,0,0,8
0,0,1,0,0,0,0,0,0,0,0,8
0,0,0,0,1,0,0,0,0,0,0,16
0,0,0,0,0,1,0,0,0,0,0,16
0,0,0,0,0,0,1,1,1,0,0,4
0,0,0,1,0,0,0,0,0,0,0,8
1,1,1,0,0,0,0,0,0,0,0,4
0,0,0,0,0,1,0,0,0,0,0,8
0,0,0,0,1,0,0,0,0,0,0,8
0,0,0,1,0,0,0,0,0,0,0,4
1,0,0,0,0,0,0,0,0,0,0,16
0,1,0,0,0,0,0,0,0,0,0,16
0,0,1,0,0,0,0,0,0,0,0,8
0,0,0,1,0,1,0,0,0,0,0,8
1,0,0,0,0,0,1,0,0,0,0,8
0,1,0,0,0,0,0,1,0,0,0,8
0,0,1,0,0,0,0,0,1,0,0,8
0,0,0,1,0,1,0,0,0,0,0,8
0,0,0,0,0,0,1,0,0,0,0,16
0,0,0,0,0,0,0,1,0,0,0,16
0,0,0,0,0,0,0,0,1,0,0,8
0,0,0,0,0,1,0,0,0,0,0,8
0,0,1,0,0,0,0,0,0,0,0,16
0,1,0,0,0,0,0,0,0,0,0,16
1,0,0,0,0,0,0,0,0,0,0,8
0,0,0,1,0,0,0,0,0,0,0,8
0,0,0,0,1,0,0,0,0,0,0,8
0,0,0,0,0,1,0,0,0,0,0,8
0,1,1,0,0,0,0,0,0,0,0,8
0,0,0,0,0,0,1,0,0,0,0,16
0,0,0,0,0,0,0,1,0,0,0,16
0,0,0,0,0,0,0,0,1,0,0,8
0,0,0,0,0,1,0,0,0,0,0,8
0,0,1,0,0,0,0,0,0,0,0,16
0,1,0,0,0,0,0,0,0,0,0,16
1,0,0,0,0,0,0,0,0,0,0,8
0,0,0,1,0,0,1,0,0,0,0,8
0,0,0,0,1,0,0,1,0,0,0,8
0,0,0,0,0,1,0,0,1,0,0,8
1,0,0,0,0,0,0,0,0,0,0,16
0,1,0,0,0,0,0,0,0,0,0,16
0,0,1,0,0,0,0,0,0,0,0,16
0,0,0,0,0,1,0,0,0,0,0,16
0,0,0,0,0,0,0,0,1,0,0,16
0,0,0,0,0,0,0,1,0,0,0,16
0,0,0,0,0,0,1,0,0,0,0,16
0,0,0,1,0,0,0,0,0,0,0,16
1,0,0,0,0,0,0,0,0,0,0,16
0,1,0,0,0,0,0,0,0,0,0,16
0,0,1,0,0,0,0,0,0,0,0,16
0,0,0,0,0,1,0,0,0,0,0,16
0,0,0,0,1,0,0,0,0,0,0,16
0,0,0,1,0,0,0,0,0,0,0,16
0,0,0,0,0,0,1,1,1,0,0,8
1,0,0,0,0,0,0,0,0,0,0,16
0,1,0,0,0,0,0,0,0,0,0,16
0,0,1,0,0,0,0,0,0,0,0,16
0,0,0,0,0,1,0,0,0,0,0,16
0,0,0,0,0,0,0,0,1,0,0,16
0,0,0,0,0,0,0,1,0,0,0,16
0,0,0,0,0,0,1,0,0,0,0,16
0,0,0,1,0,0,0,0,0,0,0,16
1,0,0,0,0,0,0,0,0,0,0,16
0,1,0,0,0,0,0,0,0,0,0,16
0,0,1,0,0,0,0,0,0,0,0,16
0,0,0,0,0,1,0,0,0,0,0,16
0,0,0,0,1,0,0,0,0,0,0,16
0,0,0,1,0,0,0,0,0,0,0,16
0,0,0,0,0,0,1,1,1,0,0,4
1,0,0,0,0,0,0,0,0,0,0,8
0,1,0,0,0,0,0,0,0,0,0,4
0,0,0,0,0,0,0,0,0,0,0,8
0,0,1,0,0,0,0,0,0,0,0,4
0,0,0,1,0,0,0,0,0,0,0,8
0,0,0,0,1,0,0,0,0,0,0,8
0,0,0,0,0,1,0,0,0,0,0,8
0,0,0,0,0,0,0,0,1,0,0,4
0,0,0,0,0,0,0,0,0,0,0,8
0,0,0,0,0,0,0,1,0,0,0,4
0,0,0,0,0,0,1,0,1,0,0,4
0,0,0,0,0,0,0,0,0,0,0,8
0,0,0,1,0,1,0,0,0,0,0,4
0,0,0,0,0,0,0,0,0,0,0,8
1,0,1,0,0,0,0,0,0,0,0,4
0,0,0,0,0,0,0,0,1,0,0,8
0,0,0,0,0,0,0,1,0,0,0,4
0,0,0,0,0,0,1,0,0,0,0,4
0,0,0,0,0,0,0,0,0,0,0,8
0,1,0,0,0,0,0,0,0,0,0,8
0,0,1,0,0,0,0,0,0,0,0,8
0,0,0,0,0,1,0,0,0,0,0,8
0,0,0,0,1,0,0,0,0,0,0,4
0,0,0,0,0,0,1,0,1,0,0,4
0,0,0,1,0,1,0,0,0,0,0,4
0,0,0,0,0,0,0,0,0,0,0,8
0,0,0,0,0,0,0,0,1,0,0,8
0,0,0,0,0,0,0,1,0,0,0,4
0,0,0,0,0,0,1,0,0,0,0,4
0,0,0,0,0,1,0,0,0,0,0,8
0,0,0,0,1,0,0,0,0,0,0,8
0,0,0,1,0,0,0,0,0,0,0,8
1,0,0,0,0,0,0,0,0,0,0,8
0,1,0,0,0,0,0,0,0,0,0,8
0,0,1,0,0,0,0,0,0,0,0,8
0,0,0,0,0,0,1,0,1,0,0,4
0,0,0,1,0,1,0,0,0,0,0,4
0,0,0,0,1,0,0,0,0,0,0,8
1,0,0,0,0,0,0,0,0,0,0,8
0,1,0,0,0,0,0,0,0,0,0,8
0,0,1,0,0,0,0,0,0,0,0,8
0,0,0,0,0,0,1,0,1,0,0,4
0,0,0,0,0,0,0,1,0,0,0,8
0,0,0,0,1,0,0,0,0,0,0,8
0,1,0,0,0,0,0,0,0,0,0,8
1,0,0,0,0,0,0,0,0,0,0,8
0,0,0,1,0,0,0,0,0,0,0,8
0,0,0,0,0,0,1,0,0,0,0,8
0,0,0,0,0,1,0,0,1,0,0,4
0,0,0,0,1,0,0,1,0,0,0,8
0,0,0,1,0,0,1,0,0,0,0,4
0,0,1,0,0,1,0,0,0,0,0,4
0,0,0,0,0,0,0,0,0,0,0,8
0,1,0,0,1,0,0,0,0,0,0,4
0,0,0,0,0,0,0,0,0,0,0,8
1,0,0,1,0,0,0,0,0,0,0,4
0,0,0,0,0,0,1,0,1,0,0,4
0,0,0,0,0,0,0,0,0,0,0,8
0,0,0,1,0,1,0,0,0,0,0,4
0,0,0,0,0,0,0,0,0,0,0,8
1,0,1,0,0,0,0,0,0,0,0,4
0,0,0,0,0,0,0,0,1,0,0,8
0,0,0,0,0,0,0,1,0,0,0,4
0,0,0,0,0,0,1,0,0,0,0,4
0,0,0,0,0,0,0,0,0,0,0,8
0,1,0,0,0,0,0,0,0,0,0,8
0,0,1,0,0,0,0,0,0,0,0,8
0,0,0,0,0,1,0,0,0,0,0,8
0,0,0,0,1,0,0,0,0,0,0,4
0,0,0,0,0,0,1,0,1,0,0,4
0,0,0,1,0,1,0,0,0,0,0,4
0,0,0,0,0,0,0,0,0,0,0,8
0,0,0,0,0,0,0,0,1,0,0,8
0,0,0,0,0,0,0,1,0,0,0,4
0,0,0,0,0,0,1,0,0,0,0,4
0,0,0,0,0,1,0,0,0,0,0,8
0,0,0,0,1,0,0,0,0,0,0,8
0,0,0,1,0,0,0,0,0,0,0,8
1,0,0,0,0,0,0,0,0,0,0,8
0,1,0,0,0,0,0,0,0,0,0,8
0,0,1,0,0,0,0,0,0,0,0,8
0,0,0,0,0,0,1,0,1,0,0,4
0,0,0,1,0,1,0,0,0,0,0,4
0,0,0,0,1,0,0,0,0,0,0,8
1,0,0,0,0,0,0,0,0,0,0,8
0,1,0,0,0,0,0,0,0,0,0,8
0,0,1,0,0,0,0,0,0,0,0,8
0,0,0,0,0,0,1,0,1,0,0,4
0,0,0,0,0,0,0,1,0,0,0,8
0,0,0,0,1,0,0,0,0,0,0,8
0,1,0,0,0,0,0,0,0,0,0,8
1,0,0,0,0,0,0,0,0,0,0,8
0,0,0,1,0,0,0,0,0,0,0,8
0,0,0,0,0,0,1,0,0,0,0,8
0,0,0,0,0,1,0,0,1,0,0,4
0,0,0,0,1,0,0,1,0,0,0,8
0,0,0,1,0,0,1,0,0,0,0,4
0,0,1,0,0,1,0,0,0,0,0,4
0,0,0,0,0,0,0,0,0,0,0,8
0,1,0,0,1,0,0,0,0,0,0,4
0,0,0,0,0,0,0,0,0,0,0,8
1,0,0,1,0,0,0,0,0,0,0,4
0,0,0,0,0,0,1,0,1,0,0,4
0,0,0,0,0,0,0,0,0,0,0,8
0,0,0,1,0,1,0,0,0,0,0,4
0,0,0,0,0,0,0,0,0,0,0,8
1,0,1,0,0,0,0,0,0,0,0,4
0,0,0,0,0,0,0,0,1,0,0,8
0,0,0,0,0,0,0,1,0,0,0,4
0,0,0,0,0,0,1,0,0,0,0,4
0,0,0,0,0,0,0,0,0,0,0,8
0,1,0,0,0,0,0,0,0,0,0,8
0,0,1,0,0,0,0,0,0,0,0,8
0,0,0,0,0,1,0,0,0,0,0,8
0,0,0,0,1,0,0,0,0,0,0,4
0,0,0,0,0,0,1,0,1,0,0,4
0,0,0,1,0,1,0,0,0,0,0,4
0,0,0,0,0,0,0,0,0,0,0,8
0,0,0,0,0,0,0,0,1,0,0,8
0,0,0,0,0,0,0,1,0,0,0,4
0,0,0,0,0,0,1,0,0,0,0,4
0,0,0,0,0,1,0,0,0,0,0,8
0,0,0,0,1,0,0,0,0,0,0,8
0,0,0,1,0,0,0,0,0,0,0,8
1,0,0,0,0,0,0,0,0,0,0,8
0,1,0,0,0,0,0,0,0,0,0,8
0,0,1,0,0,0,0,0,0,0,0,8
0,0,0,0,0,0,1,0,1,0,0,4
0,0,0,1,0,1,0,0,0,0,0,4
0,0,0,0,1,0,0,0,0,0,0,8
1,0,0,0,0,0,0,0,0,0,0,8
0,1,0,0,0,0,0,0,0,0,0,8
0,0,1,0,0,0,0,0,0,0,0,8
0,0,0,0,0,0,1,0,1,0,0,4
0,0,0,0,0,0,0,1,0,0,0,8
0,0,0,0,1,0,0,0,0,0,0,8
0,1,0,0,0,0,0,0,0,0,0,8
1,0,0,0,0,0,0,0,0,0,0,8
0,0,0,1,0,0,0,0,0,0,0,8
0,0,0,0,0,0,1,0,0,0,0,8
0,0,0,0,0,1,0,0,1,0,0,4
0,0,0,0,1,0,0,1,0,0,0,8
0,0,0,1,0,0,1,0,0,0,0,4
0,0,1,0,0,1,0,0,0,0,0,4
0,0,0,0,0,0,0,0,0,0,0,8
0,1,0,0,1,0,0,0,0,0,0,4
0,0,0,0,0,0,0,0,0,0,0,8
1,0,0,1,0,0,0,0,0,0,0,4
0,0,0,0,0,0,1,0,1,0,0,4
0,0,0,0,0,0,0,0,0,0,0,8
0,0,0,1,0,1,0,0,0,0,0,4
0,0,0,0,0,0,0,0,0,0,0,8
1,0,1,0,0,0,0,0,0,0,0,4
0,0,0,0,0,0,0,0,1,0,0,8
0,0,0,0,0,0,0,1,0,0,0,4
0,0,0,0,0,0,1,0,0,0,0,4
0,0,0,0,0,0,0,0,0,0,0,8
0,1,0,0,0,0,0,0,0,0,0,8
0,0,1,0,0,0,0,0,0,0,0,8
0,0,0,0,0,1,0,0,0,0,0,8
0,0,0,0,1,0,0,0,0,0,0,4
0,0,0,0,0,0,1,0,1,0,0,4
0,0,0,1,0,1,0,0,0,0,0,4
0,0,0,0,0,0,0,0,0,0,0,8
0,0,0,0,0,0,0,0,1,0,0,8
0,0,0,0,0,0,0,1,0,0,0,4
0,0,0,0,0,0,1,0,0,0,0,4
0,0,0,0,0,1,0,0,0,0,0,8
0,0,0,0,1,0,0,0,0,0,0,8
0,0,0,1,0,0,0,0,0,0,0,8
1,0,0,0,0,0,0,0,0,0,0,8
0,1,0,0,0,0,0,0,0,0,0,8
0,0,1,0,0,0,0,0,0,0,0,8
0,0,0,0,0,0,1,0,1,0,0,4
0,0,0,1,0,1,0,0,0,0,0,4
0,0,0,0,1,0,0,0,0,0,0,8
1,0,0,0,0,0,0,0,0,0,0,8
0,1,0,0,0,0,0,0,0,0,0,8
0,0,1,0,0,0,0,0,0,0,0,8
0,0,0,0,0,1,0,0,0,0,0,8
0,0,0,0,0,0,1,0,1,0,0,4
0,0,0,0,0,0,0,1,0,0,0,8
0,0,0,0,1,0,0,0,0,0,0,8
0,0,0,0,0,0,1,0,1,0,0,8
0,0,0,1,0,1,0,0,0,0,0,8
1,0,1,0,0,0,0,0,0,0,0,8
0,0,0,0,0,0,1,0,1,0,0,2
0,0,0,0,0,0,0,0,0,0,0,4
0,0,0,0,0,0,0,0,1,0,0,8
0,0,0,0,0,0,0,1,0,0,0,8
0,0,0,0,0,0,1,0,0,0,0,8
0,0,0,1,0,0,0,0,0,0,0,8
1,0,0,0,0,0,0,0,0,0,0,8
0,1,0,0,0,0,0,0,0,0,0,8
0,0,1,0,0,0,0,0,0,0,0,8
0,0,0,0,0,0,1,0,1,0,0,8
0,0,0,1,0,1,0,0,0,0,0,8
1,0,1,0,0,0,0,0,0,0,0,8
0,0,0,0,0,0,1,0,1,0,0,2
0,0,0,0,0,0,0,0,0,0,0,4
0,0,0,0,0,0,0,0,1,0,0,16
0,0,0,0,0,0,0,1,0,0,0,16
0,0,0,0,0,0,1,0,0,0,0,16
0,0,0,1,0,0,0,0,0,0,0,8
1,0,0,0,0,0,0,0,0,0,0,8
1,0,0,0,0,0,1,0,1,0,0,8
0,0,0,1,0,1,0,0,0,0,0,8
1,0,1,0,0,0,0,0,0,0,0,8
0,0,0,0,0,0,0,0,0,0,0,1
0,0,0,0,0,0,0,0,0,0,0,1
0,0,0,0,0,0,0,0,0,0,0,1
0,0,0,0,0,0,0,0,0,0,0,0

END